MS2 NEW ORLEANS/LK PT  29.58000   90.05030   30.50000   89.30000  75.0  53.0 1.0000  1.0175.0  1.0189.0  1.0  7.0 59.0 78.0
MS3 NEW ORLEANS/LK PT  29.58000   90.05030   30.50000   89.30000  75.0  53.0 1.0000  1.0175.0  1.0189.0  1.0  7.0 59.0 78.0
MSB NEW ORLEANS/LK PT  29.58000   90.05030   30.50000   89.30000  75.0  53.0 1.0000  1.0175.0  1.0189.0  1.0  7.0 59.0 78.0
MS4 NEW ORLEANS/LK PT  29.58000   90.05030   30.50000   89.30000  75.0  53.0 1.0000  1.0175.0  1.0189.0  1.0  7.0 59.0 78.0
MSK NEW ORLEANS/LK PT  29.58000   90.05030   30.50000   89.30000  75.0  53.0 1.0000  1.0175.0  1.0189.0  1.0  7.0 59.0 78.0
NY2 EXPANDED NYC (2)   40.36130   74.03150   40.43200   74.20300  20.0  35.0 0.6750  1.0 90.0  1.0 83.0  1.0  1.0 79.0 71.0
NY3 EXPANDED NYC (3)   40.36130   74.03150   40.43200   74.20300  49.0  69.0 0.3375  1.0189.0  1.0165.0  1.0  1.0 79.0 71.0
PNB NEW PENOT BAY      44.20000   68.56000   44.41200   69.28000  13.0  64.0 0.8000  1.0108.0  1.0115.0  1.0  1.0 79.0104.0
PN2 NEW PENOT BAY      44.20000   68.56000   44.41200   69.28000  25.0 127.0 0.4000  1.0215.0  1.0229.0  1.0  1.0 79.0104.0
ACY ATLANTIC CITY      39.21510   74.24300   39.30000   74.37300  26.0  55.0  .6000  1.0 87.0  1.0106.0  1.0 21.0 59.0 97.0
APC APALACHICOLA       29.43280   84.58500   30.14240   84.52450  31.0  45.0 1.3000  1.0 71.0  1.0 93.0  1.0  1.0 69.0 90.0
AP2 APALACHICOLA (08)  29.43280   84.58500   30.14240   84.52450  61.0  89.0 0.6500  1.0141.0  1.0185.0  1.0  1.0141.0185.0
BHA BAHAMAS            24.13000   77.38000   23.44000   79.50300   4.0  48.0 1.5000  1.0 90.0  1.0104.0  1.0  1.0 90.0104.0
BOS BOSTON             42.37000   70.40000   41.50000   71.22000  31.0  51.0 1.5000  1.0 80.0  1.0 65.0  1.0  1.0 80.0 65.0
BPT SABINE LAKE        29.40570   93.50180   30.22000   93.40000  30.0  28.0 1.6000  1.0 64.0  1.0 70.0  1.0  1.0 63.0 70.0
BR2 LAGUNA MADRE(97)   26.04020   97.09140   25.48000   97.40050  36.0  73.0 1.2500  1.0 85.0  1.0108.0  1.0  1.0 69.0 74.0
BRO LAGUNA MADRE       26.04020   97.09140   25.48000   97.40050  36.0  40.0 1.2500  1.0 70.0  1.0 75.0  1.0 27.0 69.0 74.0
CDR CEDAR KEY          29.09030   83.01540   29.35150   82.30300  23.0  50.0 1.1000  1.0 79.0  1.0 85.0  1.0  1.0 71.0 84.0
CD2 CEDAR KEY (08)     29.09030   83.01540   29.35150   82.30300  45.0  99.0 0.5500  1.0157.0  1.0169.0  1.0  1.0157.0169.0
CHP CHESAPEAKE BAY     36.55000   76.00000   37.54000   78.04000  47.0  14.0 2.7000  1.0 79.0  1.0 84.0  1.0  1.0 66.0 83.0
CP2 CHESAPEAKE BAY     36.55000   76.00000   37.54000   78.04000  47.0  14.0 2.7000  1.0 79.0  1.0 84.0  1.0  1.0 66.0 83.0
CP4 CHESAPEAKE BAY     36.50000   76.20000   37.60000   78.41000 160.0  62.0 0.6750  1.0281.0  1.0339.0  1.0  1.0 66.0 83.0
CHS CHARLESTON HARBOR  32.44530   79.52340   32.55230   80.05000  27.0  56.0  .6000  1.0 75.0  1.0100.0  1.0  1.0 75.0 98.0
COF CAPE CANAVERAL     28.24390   80.35030   28.29440   80.58300  29.0  27.0 0.8000  1.0 69.0  1.0 89.0  3.0  1.0 61.0 89.0
CO2 CAPE CANAVERAL(09) 28.24390   80.35030   28.29440   80.58300  29.0  27.0 0.8000  1.0 69.0  1.0 89.0  3.0  1.0 61.0 89.0
CRP CORPUS CHRISTI     27.50010   97.02470   27.44000   97.48000  38.0  53.0 1.5000  1.0 67.0  1.0 75.0  1.0  1.0 66.0 74.0
CR2 CORPUS CHRISTI     27.50010   97.02470   27.44000   97.48000  38.0  53.0 1.5000  1.0 67.0  1.0 75.0  1.0  1.0 66.0 74.0
CR3 CORPUS CHRISTI(08) 27.53010   97.17000   27.47000   97.62530  75.0 105.0 0.7500  1.0145.0  1.0149.0  1.0  1.0145.0149.0
DEL DELAWARE BAY (old) 38.48140   75.05500   40.23400   75.48200  42.0  18.0 2.7500  1.0 75.0  1.0 81.0  1.0  6.0 60.0 80.0
DE2 DELAWARE BAY (2)   38.48140   75.05500   40.23400   75.48200  42.0  18.0 2.7500  1.0 75.0  1.0 81.0  1.0  6.0 60.0 80.0
DE3 DELAWARE BAY (3)   38.48140   75.05500   40.23400   75.48200 124.0  52.0 0.9166  1.0223.0  1.0241.0  1.0  6.0 60.0 80.0
EYW FLORIDA BAY        24.32410   81.48450   26.05000   81.42000  39.0  15.0 2.3000  1.0 60.0  1.0 86.0  1.0 11.0 59.0 83.0
FMY CHARLOTTE HARBOR   26.27300   82.00000   27.00000   81.30000  26.0  38.0 1.5000  1.0 66.0  1.0 70.0  1.0  5.0 59.0 69.0
GLS GALVESTON BAY      29.20490   94.44390   29.45000   95.30000  30.0  44.0 1.5000  1.0 60.0  1.0 72.0  1.0  6.0 59.0 69.0
GUZ GUAN ZHOU          22.14360 -113.35150   23.08000 -113.59000  33.0  33.0 2.5000  1.0 81.0  1.0 96.0  1.0  1.0 80.0 95.0
HAT PAMLICO SOUND      35.13220   75.31500   36.00000   77.25000  40.0  47.0 3.6000  1.0 60.0  1.0100.0  1.0  1.0 59.0 90.0
HNL OAHU               21.19440  157.55540   21.31000  158.00000  13.0  58.0 0.5873  1.0 60.0  1.0147.0  1.0  1.0 59.0146.0
HN2 OAHU               21.19440  157.55540   21.31000  158.00000  13.0  58.0 0.5873  1.0 60.0  1.0147.0  1.0  1.0 59.0146.0
MAU MAUI               20.35400  155.72700   20.46700  156.17500  13.0  58.0 0.5873  1.0 60.0  1.0152.0  1.0  1.0 60.0152.0
HAW HAWAII, HI         19.22369  155.03469   19.37600  155.31000  13.0  80.0 0.6500  1.0 85.0  1.0334.0  1.0  1.0 85.0334.0
HZZ HANG ZHOU          30.00000 -120.42000   31.00000 -119.15000  19.0  39.0 2.5000  1.0101.0  1.0147.0  1.0  1.0101.0147.0
ILM WILMINGN/MYRTLE B  33.53300   78.00490   34.13000   78.28000  26.0  67.0  .9000  1.0 75.0  1.0115.0  1.0  7.0 59.0111.0
IL2 WILMINGN/MYRTLE B  33.53300   78.00490   34.13000   78.28000  71.0 138.0  .4500  1.0171.0  1.0236.0  1.0  1.0171.0236.0
KEY KEY WEST (1995)**  24.41030   81.38330   26.12580   81.31480 160.0  45.0 1.2000  1.0195.0  1.0145.0  1.0 11.0 59.0 83.0
LFT VRMILN B (1993)    29.43120   91.11440   30.54000   90.31440  40.0  66.0 1.0000  1.0128.0  1.0156.0 38.0  1.0 98.0122.0
LF2 VRMILN B (2009)    29.79120   91.11440   30.85000   90.31440  47.0 129.0 0.5000  1.0218.0  1.0301.0 38.0  1.0 98.0122.0
LZD LEI CHOU PAI DAO   21.03450 -110.33240   21.48527 -110.22000  21.0  60.0 1.7500  1.0 80.0  1.0106.0  1.0  1.0 80.0106.0
MAR MARCO ISLAND       25.55460   81.42550   26.09000   81.29000  21.0  66.0 0.6000  1.0 76.0  1.0116.0  1.0  1.0 74.0114.0
MIA BISCAYNE BAY       25.45250   80.08250   25.50000   80.23000  20.0  49.0  .7500  1.0 60.0  1.0 85.0  1.0 10.0 59.0 82.0
MOB MOBILE BAY         30.14520   88.04290   31.03000   87.56000  40.0  27.0 2.0000  1.0 68.0  1.0 66.0  1.0  1.0 59.0 65.0
MSY NEW ORLEANS/LK PT  29.58000   90.05030   30.50000   89.30000  30.0  25.0 2.0000  1.0 74.0  1.0 93.0  1.0  6.0 57.0 79.0
NYC LONG IS. SND NY.   40.36130   74.03150   40.43200   74.20300  20.0  35.0 0.6750  1.0 90.0  1.0 76.0  1.0  1.0 79.0 71.0
NZT NIZAMPATAM BAY     15.43000  -80.56000   16.05450  -80.39450  38.0  45.0 1.2000  1.0 67.0  1.0 86.0  1.0  1.0 67.0 86.0
OCE OCEAN CITY         38.19300   75.05180   38.23000   75.23000  18.0  49.0 0.6000  1.0 75.0  1.0 99.0  1.0  1.0 59.0 90.0
ORI ORISSA INDIA       20.21430  -86.27140   20.59390  -86.00020   5.0  63.0 1.0000  1.0 85.0  1.0142.0  1.0  1.0 85.0142.0
PBI PALM BEACH         26.42300   80.02000   26.41300   81.18000  11.0  61.0 0.8500  1.0 71.0  1.0153.0  1.0  1.0 24.0145.0
PB2 PALM BEACH         26.42300   80.02000   26.41300   81.18000  11.0  61.0 0.8500  1.0 71.0  1.0172.0  1.0  1.0 24.0145.0
PB3 PALM BEACH (09)    26.42300   80.02000   26.41300   81.18000  11.0  61.0 0.8500  1.0 71.0  1.0172.0  1.0  1.0 24.0145.0
PNS PENSACOLA BAY      30.19300   87.17240   30.50000   86.45000  30.0  26.0 1.6000  1.0 65.0  1.0 82.0  1.0  6.0 59.0 78.0
PSX MATAGORDA BAY      28.23450   96.23060   29.04000   96.21000  40.0  29.0 1.2500  1.0 90.0  1.0100.0  1.0  1.0 90.0100.0
PS2 MATAGORDA BAY(NEW) 28.23450   96.23060   29.04000   96.21000  92.0  69.0 0.6250  1.0192.0  1.0211.0  1.0  1.0192.0211.0
PVD NARRAGANSETT/BUZZ  41.27000   71.24000   42.00000   71.01000  27.0  24.0 1.2500  1.0 80.0  1.0 82.0  1.0  1.0 65.0 81.0
SAV SAVANNAH/HILTON    32.13120   80.39400   32.30000   81.15000  31.0  54.0 1.0000  1.0 80.0  1.0 94.0  1.0  1.0 68.0 93.0
SJU PUERTO RICO        18.28300   66.07000   30.00000   66.07000  16.0  61.0 2.0000  1.0 56.0  1.0125.0  1.0  1.0 56.0125.0
SSI BRUNSWICK          31.08010   81.23400   30.46000   81.58000  39.0  71.0 1.2500  1.0 76.0  1.0 88.0  1.0  1.0 67.0 90.0
SVN SAVANNAH (1996)    32.13120   80.39400   32.30000   81.15000  51.0  54.0 1.0000  1.0100.0  1.0 94.0  1.0  1.0 99.0 93.0
SV2 SAVANNAH (2004)    32.13120   80.39400   32.30000   81.15000 101.0 107.0 0.5000  1.0199.0  1.0187.0  1.0  1.0 99.0 93.0
TPA TAMPA BAY          27.33300   82.45048   27.50000   82.00000  32.0  36.0 1.5000  1.0 60.0  1.0 70.0  1.0  6.0 59.0 69.0
PV2 PROVIDENCE/BOSTON  41.33100   71.42900   42.07100   71.19900  75.0  40.0 0.6250  1.0183.0  1.0280.0  1.0  1.0183.0280.0
